! FEM(1)
! 1st Exercise
! 		---------------------------------------------
! list of nodes :
*NODES
! n. of node - constraint code (x,y,theta) - x coordinate- y coordinate.     
1                  1 1 0    0    0
2                  0 0 0    5    0
3                  0 0 0    10   0
4                  0 0 0    15   0
5                  0 0 0    20   0
6                  0 0 0    25   0
7                  0 1 0    30   0
8                  0 0 0    25   1.88
9                  0 0 0    20   3.75
10                 0 0 0    15   5.63
11                 0 0 0    10   3.75
12                 0 0 0    5    1.88
13                 0 0 0    10   2.81
14                 0 0 0    15   2.81
15                 0 0 0    20   2.81
! end card *NODES
*ENDNODES
! 		---------------------------------------------
! list of elements :
*BEAMS
! n. of elem. - n. of input node - n. of output node - m, EA, EJ	
1    1 2  7800 3.2136e+15 1.8968e+20
2    2 3  7800 3.2136e+15 1.8968e+20
3    3 4  7800 3.2136e+15 1.8968e+20
4    4 5  7800 3.2136e+15 1.8968e+20
5    5 6  7800 3.2136e+15 1.8968e+20
6    6 7  7800 3.2136e+15 1.8968e+20
7    7 8  7800 3.2136e+15 1.8968e+20
8    8 9  7800 3.2136e+15 1.8968e+20
9    9 10 7800 3.2136e+15 1.8968e+20
10  10 11 7800 3.2136e+15 1.8968e+20
11  11 12 7800 3.2136e+15 1.8968e+20
12  12 1  7800 3.2136e+15 1.8968e+20
13  11 13 7800 9.4554e+12 1.1927e+19 
14  13 3  7800 9.4554e+12 1.1927e+19 
15  10 14 7800 9.4554e+12 1.1927e+19
16  14 4  7800 9.4554e+12 1.1927e+19
17  9 15  7800 9.4554e+12 1.1927e+19
18  15 5  7800 9.4554e+12 1.1927e+19
19  8 6   7800 9.4554e+12 1.1927e+19
20  12 2  7800 9.4554e+12 1.1927e+19
*ENDBEAMS